Aqui serao dispostos os tempos medios de execucao de getNumCIs para tamanho 30
num de processadores envolvidos: 216

avgTime	procNumber	
2.162748	0
2.180094	1
2.083999	2
2.043603	3
2.149687	4
2.159943	5
2.227573	6
1.977206	7
1.576638	8
1.666805	9
1.591431	10
1.669266	11
1.577456	12
1.671850	13
1.591129	14
1.672341	15
1.678972	16
1.690529	17
1.670716	18
1.689683	19
1.615008	20
1.601763	21
1.620234	22
1.602836	23
1.599138	24
1.600269	25
1.599387	26
1.671873	27
1.681398	28
1.593949	29
1.599517	30
1.599998	31
1.671860	32
1.601326	33
1.686992	34
1.681289	35
1.602242	36
1.690683	37
1.675522	38
1.686585	39
1.686541	40
1.580588	41
1.665221	42
1.698338	43
1.667317	44
1.708861	45
1.581412	46
1.675838	47
1.601511	48
1.413868	49
1.086479	50
1.432200	51
1.536207	52
1.603341	53
1.549582	54
1.165612	55
1.104051	56
1.613530	57
1.528623	58
1.575789	59
1.570370	60
1.536518	61
1.371017	62
1.613601	63
1.671729	64
1.631496	65
1.644887	66
1.050273	67
1.625255	68
1.626295	69
1.748007	70
1.587502	71
1.587833	72
1.047818	73
1.722903	74
1.465453	75
1.285546	76
1.297331	77
1.429408	78
1.483135	79
1.295786	80
1.579963	81
1.645327	82
1.520292	83
1.484549	84
1.225584	85
1.599641	86
1.501886	87
1.132473	88
1.600775	89
1.487140	90
1.601816	91
1.633747	92
1.018374	93
1.647243	94
1.566214	95
1.652639	96
1.134626	97
1.506869	98
1.678943	99
1.581446	100
1.225450	101
1.679568	102
1.581506	103
1.508669	104
1.664129	105
1.405470	106
1.282786	107
1.670917	108
1.115005	109
1.659797	110
1.277988	111
1.666890	112
1.231018	113
1.572445	114
1.495752	115
1.576342	116
1.475791	117
1.586111	118
1.575546	119
0.904515	120
1.576021	121
1.615370	122
1.617327	123
1.597088	124
1.607784	125
1.608318	126
1.603480	127
1.438897	128
1.640377	129
0.893549	130
1.603701	131
0.981770	132
1.591992	133
1.358919	134
1.579434	135
1.615326	136
1.615981	137
1.488119	138
1.649610	139
1.531170	140
1.663675	141
1.420180	142
1.012695	143
1.625783	144
1.650529	145
1.587955	146
0.949707	147
1.504086	148
1.605463	149
1.622111	150
1.606197	151
1.586576	152
1.656506	153
1.590246	154
1.590678	155
0.884804	156
1.649249	157
1.544931	158
1.672518	159
1.416824	160
1.154262	161
1.659723	162
1.179139	163
1.592037	164
1.592593	165
1.676392	166
1.397000	167
1.617587	168
1.590699	169
1.249116	170
1.629195	171
1.603361	172
1.049060	173
1.626153	174
1.564237	175
1.092477	176
1.432306	177
1.587097	178
1.339875	179
1.631924	180
1.498389	181
1.501019	182
1.555992	183
1.436906	184
1.474279	185
1.280983	186
1.103490	187
1.610526	188
0.882612	189
1.619061	190
1.679161	191
1.679246	192
1.564377	193
1.573954	194
1.625476	195
1.531377	196
1.339335	197
1.143432	198
1.528904	199
1.383117	200
1.560773	201
1.413313	202
1.403911	203
1.567718	204
1.550985	205
1.513199	206
1.518997	207
1.117974	208
1.581698	209
1.667446	210
1.673931	211
1.667137	212
1.012646	213
1.659455	214
1.667982	215
