Aqui serao dispostos os tempos medios de execucao de getNumCIs para tamanho 30
num de processadores envolvidos: 300

avgTime	procNumber	
2.223405	0
2.006149	1
2.132286	2
2.325550	3
2.228562	4
2.222751	5
2.178808	6
2.144827	7
2.210243	8
2.158998	9
2.684125	10
2.590809	11
2.534039	12
2.574772	13
2.487364	14
2.630771	15
2.602601	16
2.558279	17
2.525177	18
2.543808	19
2.124361	20
2.031601	21
2.147622	22
2.017960	23
1.933282	24
1.830049	25
2.007067	26
1.999770	27
2.050914	28
1.993900	29
2.489991	30
2.529920	31
2.617677	32
2.358925	33
2.482819	34
2.593680	35
2.484374	36
2.527293	37
2.628678	38
2.539385	39
2.254227	40
2.542303	41
2.698306	42
2.539376	43
2.544439	44
2.407980	45
2.604310	46
2.553912	47
2.650845	48
2.605675	49
2.496274	50
2.562914	51
2.567053	52
2.532499	53
2.622053	54
2.506925	55
2.552026	56
2.543378	57
2.567888	58
2.519919	59
2.561381	60
2.360366	61
2.508597	62
2.442387	63
2.579827	64
2.654137	65
2.648954	66
2.557880	67
2.500741	68
2.695781	69
2.631402	70
2.535786	71
2.477399	72
2.565438	73
2.656171	74
2.476475	75
2.517612	76
2.626795	77
2.597538	78
2.644278	79
2.527463	80
2.698871	81
2.555453	82
2.460521	83
2.516992	84
2.596083	85
2.462535	86
2.619064	87
2.669013	88
2.331692	89
2.570498	90
2.614228	91
2.509785	92
2.656410	93
2.626531	94
2.541823	95
2.552093	96
2.530130	97
2.519335	98
2.565726	99
2.671114	100
2.712399	101
2.521706	102
2.661100	103
2.461291	104
2.529539	105
2.342963	106
2.621346	107
2.701657	108
2.704966	109
2.611179	110
2.662426	111
2.578507	112
2.640817	113
2.657431	114
2.603981	115
2.480325	116
2.516179	117
2.598167	118
2.574009	119
2.557337	120
2.620011	121
2.557294	122
2.496450	123
2.672267	124
2.467971	125
2.636602	126
2.613130	127
2.487810	128
2.580886	129
2.049578	130
2.111387	131
2.052813	132
1.982010	133
2.065985	134
1.976920	135
2.111055	136
1.906567	137
2.012329	138
2.103943	139
2.007907	140
2.113253	141
1.954941	142
1.953595	143
2.055864	144
1.962066	145
2.068177	146
2.014418	147
2.035404	148
2.092164	149
2.173271	150
1.996696	151
1.953989	152
2.120415	153
1.960655	154
2.136636	155
2.079551	156
1.948154	157
1.893995	158
1.959361	159
2.100285	160
2.109946	161
1.901175	162
2.045164	163
1.980208	164
2.107123	165
1.991768	166
2.012943	167
2.055372	168
2.054433	169
1.974762	170
2.073131	171
2.114040	172
2.183424	173
1.722336	174
1.997900	175
1.916946	176
2.105358	177
2.075439	178
2.116345	179
2.013689	180
1.987497	181
2.022826	182
1.964817	183
2.053991	184
1.930676	185
2.091893	186
2.003617	187
2.097609	188
2.018380	189
1.984813	190
2.001295	191
2.077328	192
2.063128	193
1.968062	194
2.062074	195
1.969329	196
2.091836	197
2.037581	198
2.082176	199
1.941494	200
1.997997	201
1.991576	202
2.073695	203
2.033224	204
2.018968	205
2.023891	206
2.035268	207
2.085987	208
2.048232	209
1.968008	210
2.097745	211
1.986414	212
2.044735	213
2.090983	214
1.980136	215
1.995461	216
2.142189	217
2.055333	218
2.069109	219
1.892105	220
2.011445	221
2.018003	222
2.078831	223
2.100609	224
1.939074	225
2.028389	226
1.991286	227
2.097411	228
1.985519	229
2.068029	230
2.001750	231
1.937478	232
2.072336	233
2.033965	234
1.950597	235
1.932664	236
2.108097	237
2.104289	238
1.903256	239
2.105156	240
2.094449	241
2.034762	242
2.086209	243
2.011061	244
1.957229	245
2.013104	246
1.910331	247
1.979569	248
2.004106	249
2.042813	250
2.141424	251
2.072170	252
1.950817	253
2.032885	254
2.111595	255
2.043248	256
1.995504	257
2.047486	258
1.951952	259
2.054693	260
2.053583	261
1.913923	262
2.037389	263
1.891115	264
2.063984	265
2.094706	266
2.083671	267
2.036378	268
2.128628	269
2.037214	270
2.055525	271
2.040272	272
1.968182	273
1.980826	274
1.955269	275
2.116987	276
2.010175	277
1.999025	278
1.920768	279
1.986598	280
2.136591	281
1.976818	282
2.009724	283
2.024293	284
2.064041	285
1.884660	286
2.036112	287
1.994722	288
2.120394	289
2.026165	290
1.912228	291
2.040347	292
1.957218	293
2.021760	294
2.109517	295
2.052694	296
2.075500	297
2.038409	298
2.086709	299
