4 5 4 2 1 3 3 5 6 4 6 2 1 6 3 7 7 1 7 2 5
2 3 3 5 6 6 4 7 7 2 1 2 5 1 4 3 4 7 6 5 1

Obj: 38

c[0,20,0,20] 1
c[1,4,11,14] 1
c[5,6,1,2] 1
c[5,7,1,3] 1
c[5,8,1,4] 1
c[5,10,1,6] 1
c[5,11,0,6] 1
c[6,7,2,3] 1
c[6,8,2,4] 1
c[6,10,2,6] 1
c[7,8,3,4] 1
c[7,10,3,6] 1
c[8,10,4,6] 1
c[9,10,5,6] 1
c[16,19,7,10] 1
c[17,19,8,10] 1
c[18,19,8,9] 1
x[0,16] 1
x[1,12] 1
x[2,14] 1
x[3,11] 1
x[4,13] 1
x[5,1] 1
x[6,2] 1
x[7,3] 1
x[8,4] 1
x[9,6] 1
x[10,5] 1
x[11,0] 1
x[12,20] 1
x[13,18] 1
x[14,15] 1
x[15,17] 1
x[16,7] 1
x[17,10] 1
x[18,8] 1
x[19,9] 1
x[20,19] 1
