6 2 6 5 7 1 1 5 4 7 5 7 4 6 2 3 1 3 2 3 4
2 5 3 5 1 4 6 5 7 1 7 4 3 2 6 1 3 6 7 2 4

Obj: 45

c[0,19,0,19] 1
c[0,20,0,20] 1
c[2,3,6,7] 1
c[2,4,6,8] 1
c[2,5,6,9] 1
c[2,8,3,9] 1
c[3,4,7,8] 1
c[3,5,7,9] 1
c[4,5,8,9] 1
c[6,7,3,4] 1
c[6,8,3,5] 1
c[11,12,10,11] 1
c[11,15,10,14] 1
c[11,16,10,15] 1
c[11,17,10,16] 1
c[12,15,11,14] 1
c[12,16,11,15] 1
c[12,17,11,16] 1
c[13,14,13,14] 1
c[13,15,12,14] 1
c[13,16,12,15] 1
c[13,17,12,16] 1
c[14,15,12,13] 1
c[16,17,15,16] 1
x[0,17] 1
x[1,19] 1
x[2,6] 1
x[3,7] 1
x[4,8] 1
x[5,9] 1
x[6,4] 1
x[7,3] 1
x[8,5] 1
x[9,18] 1
x[10,1] 1
x[11,10] 1
x[12,11] 1
x[13,14] 1
x[14,13] 1
x[15,12] 1
x[16,15] 1
x[17,16] 1
x[18,0] 1
x[19,2] 1
x[20,20] 1
