1565525183.672138

1565525187.519505

1565525191.425922

1565525195.342698

1565525199.225433

1565525203.089395

1565525183.623594

1565525187.498077

1565525191.363166

1565525195.366915

1565525199.447586

1565525203.353018

1565525183.613627

1565525187.475279

1565525191.355740

1565525195.194517

1565525199.043543

1565525202.941558

1565525183.673794

1565525187.559208

1565525191.431221

1565525195.452342

1565525199.546383

1565525203.465195

1565525183.634268

1565525187.491761

1565525191.353508

1565525195.369524

1565525199.462113

1565525203.370123

1565525183.704476

1565525187.557254

1565525191.391986

1565525195.355040

1565525199.264284

1565525203.120696

1565525183.643105

1565525187.448066

1565525191.248412

1565525195.132937

1565525199.039146

1565525202.844866

1565525183.691263

1565525187.503585

1565525191.330579

1565525195.266277

1565525199.145267

1565525202.989637

1565525183.616619

1565525187.485345

1565525191.337426

1565525195.332438

1565525199.401378

1565525203.303842

1565525183.652820

1565525187.499388

1565525191.375246

1565525195.262083

1565525199.145975

1565525202.956844

1565525183.633382

1565525187.461103

1565525191.301597

1565525195.199960

1565525199.116357

1565525202.921705

1565525183.663768

1565525187.510515

1565525191.404227

1565525195.250556

1565525199.124953

1565525203.024387

1565525183.665326

1565525187.493124

1565525191.356289

1565525195.254117

1565525199.130128

1565525202.922789

1565525183.609644

1565525187.456246

1565525191.342853

1565525195.172390

1565525198.994170

1565525202.883624

1565525183.709725

1565525187.558404

1565525191.493990

1565525195.384819

1565525199.272601

1565525203.134626

1565525183.711157

1565525187.582628

1565525191.478035

1565525195.309837

1565525199.181095

1565525203.070926

