1565525851.335237

1565525853.551332

1565525855.522106

1565525857.576201

1565525859.261915

1565525860.888979

1565525851.067839

1565525852.857294

1565525854.963855

1565525856.938514

1565525858.897927

1565525860.621712

1565525851.025574

1565525853.467061

1565525855.668975

1565525857.731214

1565525859.973288

1565525862.001432

1565525851.235863

1565525852.882655

1565525855.107958

1565525857.213259

1565525859.823355

1565525862.261478

1565525851.411328

1565525853.646300

1565525855.754119

1565525857.676211

1565525859.632703

1565525861.449216

1565525851.036124

1565525853.314611

1565525855.166420

1565525857.056066

1565525859.071364

1565525861.036014

1565525851.211325

1565525852.888313

1565525854.687829

1565525856.853212

1565525858.786428

1565525861.012264

1565525851.037795

1565525853.516883

1565525855.619490

1565525857.624124

1565525859.631411

1565525861.524091

1565525851.102101

1565525853.051509

1565525855.151283

1565525857.231638

1565525859.028355

1565525861.135859

1565525851.393328

1565525853.487769

1565525855.371279

1565525857.473261

1565525859.707643

1565525862.025947

1565525850.768618

1565525852.678871

1565525855.067559

1565525857.067344

1565525859.089541

1565525860.963682

1565525851.252576

1565525853.833412

1565525855.928841

1565525857.991506

1565525859.948111

1565525861.956136

1565525851.439279

1565525853.491593

1565525855.423252

1565525857.507534

1565525859.488686

1565525861.364168

1565525850.756573

1565525852.590378

1565525854.333388

1565525856.181815

1565525858.532206

1565525861.005300

1565525851.124382

1565525853.362561

1565525855.406487

1565525857.553816

1565525859.515990

1565525861.649372

1565525851.169212

1565525853.075613

1565525854.883526

1565525856.724847

1565525858.682731

1565525860.518383

1565525851.270751

1565525853.357626

1565525855.647695

1565525857.757076

1565525859.893952

1565525862.097491

1565525851.229240

1565525852.815058

1565525854.569258

1565525856.381565

1565525858.567841

1565525860.613471

1565525851.514545

1565525853.688525

1565525855.812727

1565525857.465012

1565525859.246966

1565525861.101714

1565525851.315069

1565525853.295299

1565525855.436812

1565525857.445741

1565525859.745326

1565525861.999004

1565525850.944057

1565525853.375481

1565525855.520927

1565525857.562663

1565525859.597339

1565525861.535781

1565525851.143852

1565525852.900173

1565525854.913288

1565525857.292598

1565525859.425606

1565525861.552726

1565525851.258451

1565525853.045242

1565525855.225590

1565525857.415987

1565525859.528879

1565525861.376548

1565525851.392542

1565525853.605555

1565525855.602641

1565525857.621805

1565525859.588428

1565525861.748242

1565525851.302406

1565525853.569592

1565525855.576889

1565525857.793511

1565525860.048236

1565525861.945043

1565525851.042775

1565525852.908923

1565525855.054939

1565525856.868759

1565525859.036510

1565525861.130157

1565525851.208328

1565525853.427828

1565525855.525594

1565525857.635800

1565525859.452354

1565525861.319013

1565525851.224563

1565525853.242462

1565525855.252434

1565525857.029937

1565525859.029603

1565525861.291242

1565525851.256275

1565525853.028076

1565525854.725979

1565525856.525873

1565525858.612605

1565525860.429282

1565525851.372749

1565525853.554096

1565525855.707700

1565525857.977138

1565525859.768756

1565525861.962468

1565525851.117763

1565525853.292239

1565525855.031301

1565525857.278005

1565525859.497592

1565525861.615964

1565525851.178425

1565525852.976015

1565525855.051491

1565525856.900561

1565525858.755608

1565525860.777562

1565525851.563625

1565525853.816575

1565525856.197224

1565525858.154067

1565525860.277982

1565525862.201854

1565525851.250596

1565525853.466466

1565525855.529921

1565525857.876109

1565525860.042816

1565525861.886192

1565525851.639390

1565525853.909683

1565525856.022110

1565525858.035081

1565525859.911323

1565525861.871863

1565525851.052733

1565525853.356703

1565525855.422151

1565525857.440255

1565525859.237134

1565525860.935202

1565525851.015966

1565525852.901895

1565525855.098886

1565525857.049643

1565525858.897599

1565525861.002868

1565525851.173046

1565525853.050904

1565525854.856924

1565525856.960327

1565525859.253624

1565525861.257532

1565525850.801599

1565525852.658103

1565525854.283816

1565525855.953601

1565525857.856865

1565525860.108019

1565525851.392985

1565525853.471521

1565525855.657592

1565525857.850333

1565525859.952069

1565525862.035470

1565525851.195062

1565525853.054299

1565525855.333868

1565525857.642555

1565525859.504700

1565525861.689341

1565525851.211515

1565525853.101568

1565525854.990195

1565525857.077981

1565525858.839734

1565525860.834310

1565525850.896595

1565525853.071977

1565525855.187651

1565525857.303066

1565525859.414660

1565525861.246511

1565525851.099991

1565525853.053561

1565525855.252803

1565525857.211848

1565525859.349451

1565525861.482452

1565525851.798799

1565525853.814677

1565525855.788820

1565525857.975459

1565525859.941716

1565525861.890266

1565525851.154695

1565525853.493220

1565525855.350396

1565525857.166523

1565525859.407105

1565525861.339992

1565525851.194691

1565525853.359637

1565525855.179033

1565525856.869341

1565525858.743424

1565525860.661979

1565525851.230708

1565525853.331470

1565525855.389652

1565525857.407625

1565525859.832098

1565525861.850393

1565525851.421270

1565525853.566893

1565525855.734648

1565525857.972650

1565525860.130963

1565525862.009901

1565525850.867971

1565525852.726044

1565525855.079801

1565525856.994651

1565525859.096038

1565525861.374625

1565525851.317728

1565525853.496850

1565525855.714127

1565525857.634159

1565525859.606833

1565525861.911431

1565525851.693474

1565525853.916277

1565525856.074703

1565525858.218457

1565525860.231648

1565525862.474258

1565525851.093054

1565525853.368456

1565525855.394137

1565525857.646455

1565525860.039784

1565525861.932873

1565525850.819068

1565525852.552486

1565525854.329833

1565525856.133451

1565525858.054667

1565525860.090178

1565525851.050590

1565525853.025333

1565525854.934502

1565525857.195483

1565525859.325930

1565525861.380012

1565525850.952862

1565525852.713389

1565525854.436360

1565525856.353464

1565525858.474156

1565525860.515160

1565525851.041757

1565525853.380927

1565525855.668643

1565525857.559573

1565525859.474929

1565525861.239939

1565525851.362662

1565525853.293227

1565525855.280932

1565525857.184646

1565525859.209397

1565525861.113446

1565525851.030079

1565525853.271292

1565525855.333392

1565525857.207552

1565525859.202805

1565525860.912959

1565525851.597448

1565525853.637760

1565525855.466283

1565525857.759741

1565525859.900617

1565525862.157076

1565525851.254476

1565525853.129735

1565525855.092540

1565525857.374649

1565525859.442632

1565525861.228542

1565525851.627111

1565525853.704306

1565525855.591304

1565525857.539392

1565525859.481362

1565525861.263337

1565525851.162588

1565525853.021280

1565525854.791696

1565525856.549873

1565525858.811128

1565525860.457402

1565525851.091671

1565525853.012160

1565525855.152110

1565525857.187095

1565525859.131322

1565525861.277074

1565525851.036711

1565525852.928385

1565525854.883321

1565525856.938518

1565525858.822697

1565525860.848072

1565525850.834539

1565525852.734400

1565525854.756342

1565525856.762441

1565525858.786977

1565525860.861751

1565525851.059515

1565525853.651514

1565525855.835861

1565525858.073659

1565525860.471319

1565525862.382984

1565525851.201171

1565525853.411366

1565525855.617449

1565525857.564247

1565525859.649969

1565525861.444334

1565525851.711874

1565525853.571423

1565525855.605130

1565525857.521769

1565525859.375274

1565525861.254238

1565525850.884613

1565525852.934914

1565525855.152579

1565525857.239380

1565525859.431317

1565525861.693825

1565525851.440547

1565525853.493700

1565525855.467145

1565525857.726925

1565525860.126841

1565525862.215141

1565525851.289125

1565525853.252812

1565525855.330224

1565525857.552927

1565525859.626495

1565525861.691678

1565525851.021435

1565525853.349837

1565525855.653455

1565525857.986664

1565525860.014202

1565525861.794951

1565525851.101561

1565525852.944196

1565525854.947043

1565525856.934008

1565525858.777344

1565525861.189140

1565525851.479088

1565525853.374691

1565525855.455867

1565525857.611406

1565525859.371053

1565525861.233708

1565525850.982776

1565525852.956815

1565525854.956333

1565525856.882709

1565525858.812816

1565525860.646429

1565525850.835147

1565525852.760654

1565525855.046246

1565525856.924531

1565525858.969932

1565525860.915711

1565525851.297772

1565525853.030548

1565525855.325746

1565525857.284585

1565525859.106672

1565525861.177791

1565525851.367091

1565525853.633666

1565525855.791641

1565525857.817199

1565525859.985080

1565525862.029505

1565525851.367864

1565525853.405110

1565525855.540414

1565525857.498080

1565525859.719747

1565525862.192183

1565525851.110812

1565525853.112855

1565525855.070798

1565525857.151480

1565525859.417123

1565525861.311389

1565525851.189837

1565525853.440556

1565525855.504419

1565525857.620758

1565525859.789814

1565525862.111123

1565525851.315747

1565525853.083168

1565525855.153125

1565525857.240377

1565525859.440975

1565525861.349758

1565525851.181087

1565525853.522884

1565525855.766103

1565525857.806762

1565525859.850763

1565525862.098960

1565525851.267642

1565525853.249670

1565525855.344074

1565525857.341074

1565525859.005271

1565525860.798276

1565525851.203800

1565525853.389141

1565525855.659538

1565525857.800959

1565525859.750797

1565525861.693425

1565525851.511621

1565525853.770779

1565525856.008683

1565525858.343166

1565525860.492936

1565525862.591123

1565525851.209804

1565525853.264312

1565525855.130782

1565525857.379007

1565525859.550796

1565525861.540778

1565525851.148719

1565525853.749801

1565525855.351650

1565525857.115849

1565525858.933310

1565525861.070768

1565525850.959575

1565525852.622235

1565525854.277833

1565525856.368626

1565525858.588788

1565525860.472949

1565525851.152934

1565525853.122061

1565525854.782454

1565525856.532386

1565525858.127421

1565525859.793687

1565525850.871724

1565525852.489302

1565525854.151800

1565525855.894717

1565525857.727888

1565525859.761804

1565525850.934308

1565525852.830025

1565525855.136737

1565525856.868476

1565525858.760157

1565525860.458764

1565525850.722802

1565525852.444744

1565525854.513252

1565525856.394353

1565525857.975957

1565525859.754737

1565525851.384122

1565525853.626417

1565525855.806680

1565525857.412776

1565525859.019001

1565525860.721702

1565525850.807459

1565525852.417534

1565525854.096557

1565525855.795971

1565525858.027304

1565525860.064628

1565525851.010207

1565525853.077636

1565525854.954136

1565525856.812980

1565525858.791269

1565525860.708652

1565525850.785409

1565525852.429663

1565525854.086853

1565525855.973423

1565525857.771845

1565525859.483295

1565525851.244364

1565525852.903692

1565525854.656740

1565525856.469273

1565525858.722436

1565525860.409780

1565525850.846225

1565525852.767316

1565525854.532784

1565525856.144260

1565525857.814345

1565525860.074122

1565525850.879062

1565525852.688770

1565525854.601836

1565525856.732767

1565525858.444078

1565525860.176207

1565525851.127454

1565525853.191060

1565525854.858387

1565525856.668952

1565525858.540678

1565525860.418717

1565525850.924397

1565525852.752390

1565525854.735284

1565525856.436472

1565525858.289817

1565525860.234176

1565525851.205955

1565525852.973659

1565525854.670861

1565525856.507109

1565525858.343618

1565525860.028663

1565525850.899373

1565525852.563571

1565525854.283859

1565525856.053032

1565525857.855677

1565525859.860686

1565525851.086589

1565525853.094053

1565525854.851616

1565525857.051213

1565525858.707385

1565525860.682356

1565525851.043361

1565525853.038809

1565525855.051620

1565525856.959348

1565525858.820928

1565525860.502896

1565525850.954894

1565525852.834365

1565525854.703603

1565525856.448163

1565525858.251635

1565525860.037626

1565525851.151555

1565525853.017684

1565525854.754987

1565525856.493186

1565525858.206509

1565525859.984894

1565525851.343185

1565525853.068881

1565525855.009562

1565525856.966750

1565525858.728995

1565525860.560652

1565525850.961596

1565525852.849162

1565525854.876187

1565525856.565065

1565525858.385500

1565525860.285140

1565525851.057324

1565525853.032727

1565525854.785718

1565525856.656210

1565525858.789670

1565525860.936061

1565525850.746749

1565525852.353004

1565525853.952294

1565525855.560572

1565525857.197096

1565525858.842682

1565525850.881340

1565525852.690784

1565525854.645237

1565525856.638593

1565525858.716299

1565525860.609521

1565525850.832498

1565525852.712723

1565525854.373702

1565525856.033208

1565525857.696401

1565525859.356800

1565525850.905232

1565525852.708159

1565525855.000473

1565525856.949244

1565525858.852249

1565525860.538107

1565525851.347846

1565525853.260026

1565525855.272069

1565525857.351612

1565525859.270146

1565525861.072309

1565525851.257649

1565525853.025239

1565525854.950858

1565525856.937837

1565525858.781566

1565525861.016622

1565525850.940847

1565525852.794904

1565525854.754438

1565525856.755362

1565525858.599058

1565525860.518251

1565525850.892552

1565525852.862883

1565525854.756539

1565525856.656990

1565525858.570120

1565525860.439350

1565525850.961939

1565525852.554560

1565525854.319551

1565525855.911801

1565525857.503044

1565525859.170066

1565525850.955571

1565525852.608413

1565525854.337555

1565525855.930597

1565525857.522006

1565525859.207072

1565525850.845003

1565525852.900039

1565525854.772799

1565525856.606596

1565525858.552441

1565525860.411668

1565525851.034443

1565525853.168411

1565525854.930417

1565525856.827646

1565525858.637587

1565525860.439931

1565525850.912204

1565525852.687972

1565525854.442657

1565525856.621586

1565525858.586382

1565525860.532440

1565525851.128633

1565525852.994805

1565525855.018870

1565525856.755420

1565525858.723949

1565525860.497996

1565525850.880924

1565525852.671474

1565525854.695507

1565525856.310868

1565525857.983685

1565525859.611569

1565525851.164778

1565525852.851264

1565525854.616874

1565525856.636271

1565525858.983559

1565525860.800518

1565525850.892089

1565525852.782970

1565525854.513085

1565525856.640158

1565525858.499028

1565525860.559847

1565525850.840365

1565525852.553250

1565525854.455768

1565525856.607220

1565525858.655970

1565525860.292563

1565525851.019447

1565525852.828262

1565525854.631330

1565525856.419763

1565525858.249756

1565525860.088033

1565525851.038481

1565525852.745084

1565525854.978301

1565525856.676113

1565525858.636187

1565525860.419321

1565525851.144320

1565525853.304739

1565525855.021216

1565525856.687445

1565525858.433685

1565525860.282733

1565525850.964824

1565525853.034535

1565525854.895059

1565525856.757111

1565525858.547097

1565525860.349560

1565525851.155080

1565525852.988580

1565525854.727706

1565525856.333819

1565525857.924727

1565525859.513513

1565525850.831593

1565525852.845630

1565525854.620742

1565525856.516626

1565525858.622504

1565525860.816006

1565525850.921149

1565525852.640923

1565525854.476616

1565525856.464519

1565525858.622406

1565525860.623232

1565525850.919079

1565525852.675308

1565525854.299731

1565525856.019441

1565525857.700946

1565525859.375084

1565525850.931610

1565525852.703116

1565525854.511061

1565525856.457126

1565525858.238295

1565525860.082431

1565525850.904574

1565525852.894896

1565525854.794212

1565525856.661480

1565525858.310766

1565525860.157678

1565525851.055615

1565525852.923804

1565525854.781141

1565525856.578113

1565525858.374829

1565525860.219267

1565525851.238731

1565525853.139275

1565525855.107339

1565525856.964407

1565525858.653775

1565525860.573760

1565525851.153567

1565525853.131610

1565525855.000216

1565525856.931385

1565525858.973859

1565525860.725469

1565525851.019117

1565525852.800365

1565525854.606583

1565525856.285030

1565525857.988990

1565525859.708155

1565525851.287688

1565525853.109288

1565525854.715403

1565525856.512889

1565525858.576582

1565525860.327647

1565525851.074906

1565525852.941099

1565525854.606209

1565525856.462096

1565525858.103951

1565525860.148920

1565525851.303891

1565525853.429872

1565525855.419291

1565525857.368743

1565525859.060023

1565525860.962824

1565525851.023831

1565525852.754686

1565525854.444115

1565525856.195736

1565525858.125014

1565525860.243576

1565525851.013043

1565525852.952373

1565525855.214671

1565525857.062023

1565525858.802503

1565525860.606050

1565525850.807703

1565525852.450563

1565525854.035361

1565525855.618270

1565525857.250481

1565525858.844219

1565525850.878419

1565525852.800583

1565525855.071472

1565525856.932640

1565525858.898705

1565525860.908127

1565525850.973239

1565525852.773401

1565525854.410480

1565525856.214646

1565525858.069860

1565525859.789602

1565525850.837952

1565525852.504908

1565525854.666507

1565525856.556451

1565525858.683028

1565525860.457605

1565525851.255954

1565525853.256139

1565525854.874873

1565525856.521193

1565525858.154868

1565525859.818202

1565525851.510297

1565525853.327243

1565525855.084688

1565525856.778536

1565525858.623416

1565525860.456243

1565525850.927821

1565525852.591705

1565525854.181715

1565525855.968955

1565525857.797776

1565525859.760337

1565525850.816607

1565525852.443981

1565525854.442675

1565525856.061463

1565525857.911885

1565525859.792075

1565525850.989763

1565525853.171402

1565525854.901085

1565525856.515220

1565525858.106738

1565525859.862432

1565525850.752370

1565525852.581278

1565525854.567823

1565525856.428552

1565525858.399986

1565525860.313587

1565525850.901063

1565525852.650338

1565525854.318473

1565525856.489235

1565525858.267962

1565525859.920085

1565525850.910822

1565525852.647078

1565525854.339852

1565525856.239363

1565525858.225268

1565525860.201129

1565525850.983362

1565525852.695772

1565525855.085655

1565525857.257241

1565525859.074316

1565525861.177740

1565525851.012664

1565525852.665568

1565525854.438797

1565525856.424653

1565525858.230989

1565525860.085712

1565525851.015518

1565525852.714948

1565525854.918991

1565525857.007209

1565525858.884621

1565525860.753399

1565525850.832934

1565525852.846125

1565525854.605533

1565525856.499508

1565525858.178522

1565525860.123617

1565525851.120787

1565525853.024990

1565525854.987692

1565525856.767636

1565525858.662219

1565525860.453606

1565525851.056474

1565525852.914807

1565525854.576391

1565525856.223575

1565525857.931117

1565525859.730837

1565525851.012528

1565525853.312924

1565525855.320017

1565525857.318072

1565525859.243625

1565525861.099955

1565525851.060511

1565525852.885499

1565525854.957301

1565525856.836795

1565525859.052419

1565525860.820459

1565525850.990966

1565525852.767710

1565525854.563104

1565525856.548506

1565525858.405223

1565525860.164507

1565525850.864090

1565525852.563477

1565525854.269714

1565525855.950881

1565525857.637037

1565525859.344912

1565525851.185604

1565525853.258173

1565525854.927744

1565525856.771616

1565525858.397531

1565525860.007778

1565525850.838908

1565525852.532554

1565525854.162519

1565525855.847847

1565525857.603413

1565525859.744430

1565525851.424379

1565525853.208435

1565525854.834775

1565525856.430779

1565525858.277567

1565525859.967468

1565525850.764978

1565525852.539147

1565525854.250880

1565525856.237429

1565525857.967286

1565525859.837073

1565525851.073094

1565525852.857154

1565525854.709597

1565525856.507889

1565525858.283134

1565525859.924022

1565525850.864236

1565525852.676905

1565525854.904471

1565525856.778013

1565525858.604035

1565525860.567448

1565525850.963233

1565525852.541345

1565525854.466519

1565525856.339446

1565525858.225446

1565525859.914261

1565525850.862584

1565525852.743945

1565525854.940273

1565525856.829449

1565525858.814270

1565525860.764818

1565525850.922344

1565525852.836181

1565525854.737941

1565525856.568445

1565525858.488761

1565525860.426271

1565525850.943237

1565525852.800310

1565525854.495318

1565525856.210516

1565525857.890755

1565525859.759235

1565525851.373739

1565525853.351854

1565525855.255903

1565525857.273187

1565525859.235969

1565525860.903086

1565525850.762378

1565525852.367267

1565525854.307698

1565525856.157874

1565525857.753296

1565525859.628697

1565525850.832888

1565525852.727254

1565525854.646694

1565525856.704774

1565525859.092702

1565525861.086168

1565525851.090109

1565525852.908412

1565525854.873698

1565525856.624265

1565525858.318029

1565525860.024131

1565525850.969131

1565525852.866241

1565525854.889585

1565525856.920032

1565525858.677589

1565525860.300914

1565525850.752355

1565525852.389561

1565525854.068668

1565525855.723661

1565525857.513457

1565525859.427675

1565525851.196297

1565525852.847328

1565525854.553088

1565525856.270814

1565525857.902638

1565525859.512959

1565525850.911132

1565525852.973721

1565525854.880546

1565525856.828522

1565525858.676737

1565525860.481656

1565525851.037806

1565525852.862081

1565525854.870296

1565525856.950682

1565525858.743474

1565525860.662593

1565525851.085887

1565525853.213045

1565525855.108680

1565525856.983863

1565525858.953562

1565525860.700866

1565525851.017997

1565525852.712829

1565525854.446873

1565525856.130939

1565525857.747536

1565525859.361948

1565525850.930227

1565525852.722181

1565525854.405832

1565525856.024022

1565525857.642168

1565525859.260311

1565525850.926260

1565525852.850137

1565525854.623100

1565525856.570311

1565525858.581782

1565525860.579965

1565525850.888400

1565525852.783405

1565525854.804023

1565525856.561371

1565525858.422266

1565525860.175735

1565525850.984727

1565525852.911926

1565525854.799158

1565525856.796685

1565525858.841945

1565525860.617697

1565525851.125873

1565525853.012415

1565525854.951616

1565525856.826295

1565525858.688244

1565525860.746653

1565525850.932493

1565525852.658797

1565525854.244371

1565525856.009632

1565525858.160038

1565525860.159241

1565525850.936550

1565525852.834427

1565525854.653720

1565525856.506260

1565525858.353067

1565525860.027989

1565525850.974121

1565525852.921469

1565525854.717509

1565525856.838483

1565525858.562651

1565525860.333981

1565525850.918992

1565525853.125024

1565525855.086215

1565525857.140610

1565525858.875340

1565525860.607645

1565525851.446438

1565525853.375192

1565525855.288485

1565525856.963729

1565525858.818046

1565525860.631551

1565525850.851852

1565525852.811850

1565525854.552243

1565525856.298081

1565525858.160900

1565525860.154542

1565525850.992952

1565525852.740918

1565525854.763677

1565525856.621885

1565525858.278135

1565525860.021355

1565525850.923924

1565525852.607741

1565525854.416010

1565525856.093692

1565525857.859531

1565525859.682302

1565525851.120941

1565525852.811450

1565525854.667902

1565525856.501662

1565525858.322785

1565525860.119256

1565525851.232922

1565525853.041879

1565525855.164135

1565525856.920903

1565525859.021843

1565525860.882905

1565525850.956920

1565525852.744198

1565525854.449680

1565525856.369495

1565525858.422203

1565525860.188829

1565525850.824700

1565525853.102481

1565525854.979812

1565525856.846960

1565525858.642482

1565525860.723476

1565525851.112681

1565525852.767602

1565525854.779891

1565525856.626245

1565525858.426431

1565525860.466255

1565525851.046445

1565525852.949751

1565525854.851607

1565525856.552827

1565525858.696321

1565525860.535325

1565525851.226748

1565525853.136095

1565525854.932371

1565525856.648491

1565525858.582751

1565525860.382842

1565525850.800921

1565525852.469402

1565525854.061000

1565525855.682329

1565525857.296771

1565525858.897097

1565525851.022084

1565525852.750199

1565525854.399319

1565525856.448410

1565525858.147693

1565525860.018152

1565525851.040269

1565525852.951513

1565525854.925489

1565525856.518090

1565525858.174320

1565525859.787658

1565525850.782972

1565525852.451096

1565525854.183317

1565525856.283868

1565525858.157595

1565525860.111198

