4 7 5 5 4 2 1 7 1 4 3 7 2 6 6 6 1 3 5 3 2
1 3 2 1 2 7 6 4 6 5 7 5 7 3 2 5 3 4 1 6 4

Obj: 34

c[0,20,0,20] 1
c[1,2,10,11] 1
c[1,3,9,11] 1
c[1,20,0,19] 1
c[5,6,2,3] 1
c[8,9,17,18] 1
c[8,10,16,18] 1
c[9,10,16,17] 1
c[11,12,4,5] 1
c[11,13,4,6] 1
c[16,17,0,1] 1
c[18,20,13,15] 1
c[19,20,13,14] 1
x[0,20] 1
x[1,10] 1
x[2,11] 1
x[3,9] 1
x[4,7] 1
x[5,2] 1
x[6,3] 1
x[7,12] 1
x[8,18] 1
x[9,17] 1
x[10,16] 1
x[11,5] 1
x[12,4] 1
x[13,6] 1
x[14,8] 1
x[15,19] 1
x[16,0] 1
x[17,1] 1
x[18,15] 1
x[19,13] 1
x[20,14] 1
