3 1 6 3 6 5 7 7 5 1 4 4 2 5 3 1 6 7 2 2 4
7 6 6 1 3 2 3 4 5 2 2 4 6 7 5 1 4 1 5 3 7

Obj: 37

c[0,20,0,20] 1
c[1,2,2,3] 1
c[1,3,2,4] 1
c[1,4,1,4] 1
c[7,8,13,14] 1
c[7,9,13,15] 1
c[7,10,13,16] 1
c[7,16,10,19] 1
c[7,17,10,20] 1
c[7,18,9,20] 1
c[8,9,14,15] 1
c[8,10,14,16] 1
c[9,10,15,16] 1
c[11,12,10,11] 1
c[13,14,18,19] 1
c[13,15,17,19] 1
x[0,6] 1
x[1,3] 1
x[2,2] 1
x[3,4] 1
x[4,1] 1
x[5,8] 1
x[6,0] 1
x[7,13] 1
x[8,14] 1
x[9,15] 1
x[10,16] 1
x[11,11] 1
x[12,10] 1
x[13,18] 1
x[14,19] 1
x[15,17] 1
x[16,12] 1
x[17,20] 1
x[18,9] 1
x[19,5] 1
x[20,7] 1
