6 2 5 7 4 1 3 7 1 4 3 7 6 6 5 2 2 3 1 4 5
4 5 3 1 6 6 5 2 1 7 5 7 1 3 7 2 4 3 6 2 4

Obj: 39

c[0,1,18,19] 1
c[0,16,4,20] 1
c[0,18,2,20] 1
c[0,20,0,20] 1
c[2,3,10,11] 1
c[5,6,12,13] 1
c[5,7,12,14] 1
c[6,7,13,14] 1
c[9,10,16,17] 1
c[12,13,4,5] 1
c[12,14,4,6] 1
c[12,15,4,7] 1
c[13,14,5,6] 1
c[13,15,5,7] 1
c[14,15,6,7] 1
c[17,18,2,3] 1
c[17,20,0,3] 1
c[19,20,0,1] 1
x[0,18] 1
x[1,19] 1
x[2,10] 1
x[3,11] 1
x[4,20] 1
x[5,12] 1
x[6,13] 1
x[7,14] 1
x[8,8] 1
x[9,16] 1
x[10,17] 1
x[11,9] 1
x[12,4] 1
x[13,5] 1
x[14,6] 1
x[15,7] 1
x[16,15] 1
x[17,2] 1
x[18,3] 1
x[19,0] 1
x[20,1] 1
