nome		size	dbls	R1	R2	R3	R4	cnstr	opt	total	result	
     genoma8	21   	28   	0.031	15.680	25.871	0.000	0.744	0.358	42.685	37   	
     genoma4	21   	28   	0.028	13.364	19.245	0.000	0.538	0.136	33.312	33   	
     genoma6	21   	28   	0.033	15.446	21.235	0.000	0.423	0.099	37.235	32   	
     genoma3	21   	28   	0.031	13.839	24.490	0.000	0.700	0.178	39.237	38   	
     genoma1	21   	28   	0.032	14.396	23.226	0.000	0.464	0.137	38.255	32   	
     genoma5	21   	28   	0.032	14.206	26.810	0.000	0.497	0.125	41.669	29   	
     genoma9	21   	28   	0.034	14.574	24.155	0.000	0.752	0.200	39.714	34   	
    genoma10	21   	28   	0.033	15.156	26.276	0.000	0.647	0.204	42.315	45   	
     genoma2	21   	28   	0.033	17.146	31.929	0.000	0.717	0.200	50.026	39   	
     genoma7	21   	28   	0.033	16.364	22.316	0.000	0.669	0.153	39.534	31   	

