nome attempts result time
genoma8 100 27 4.837497
genoma8 500 26 6.651370
genoma4 100 27 5.975533
genoma4 500 28 7.277681
genoma6 100 26 4.984476
genoma6 500 25 6.964551
genoma3 100 26 6.949404
genoma3 500 32 6.551580
genoma1 100 29 6.933172
genoma1 500 29 7.142402
genoma5 100 27 5.263586
genoma5 500 27 6.601875
genoma9 100 30 6.975113
genoma9 500 26 5.987625
genoma10 100 26 9.140689
genoma10 500 26 6.144717
genoma2 100 29 6.914863
genoma2 500 29 7.678421
genoma7 100 25 6.846890
genoma7 500 26 6.674460
