Aqui serao dispostos os tempos medios de execucao de getNumCIs para tamanho 30
num de processadores envolvidos: 200

avgTime	procNumber	
1.853083	0
1.981594	1
1.991791	2
1.929284	3
1.959652	4
1.974897	5
1.951920	6
1.530436	7
1.567052	8
1.655849	9
1.566441	10
1.066625	11
1.665525	12
1.359477	13
1.414096	14
1.248025	15
1.604493	16
1.557057	17
1.625919	18
1.654723	19
1.285726	20
1.609953	21
1.671410	22
1.625533	23
1.223340	24
1.670307	25
1.145125	26
1.613441	27
1.590243	28
1.676601	29
1.407813	30
1.477669	31
1.540086	32
1.133236	33
1.699157	34
1.671512	35
1.668963	36
1.646956	37
1.679710	38
0.907214	39
1.336179	40
1.285903	41
0.948503	42
1.626208	43
1.589830	44
1.617083	45
1.588960	46
1.585193	47
1.581651	48
1.676164	49
1.060501	50
1.667875	51
1.289650	52
1.579126	53
1.675853	54
1.677508	55
1.607424	56
1.696005	57
1.639909	58
1.695898	59
1.045335	60
1.352986	61
1.350494	62
1.691395	63
1.676761	64
1.437869	65
1.259934	66
1.614170	67
1.166309	68
1.579735	69
1.637121	70
1.281568	71
1.447465	72
1.517234	73
1.354573	74
1.389916	75
1.575439	76
1.661350	77
1.609162	78
1.493249	79
1.572476	80
1.657931	81
1.593342	82
0.974759	83
1.595812	84
1.547391	85
1.596309	86
1.371206	87
1.543499	88
1.142048	89
1.446823	90
1.567943	91
1.643935	92
1.584321	93
1.510873	94
1.439908	95
1.205949	96
1.341457	97
1.605680	98
1.208685	99
1.185516	100
1.657421	101
1.626337	102
1.657926	103
1.531116	104
1.587622	105
0.919754	106
1.574597	107
1.585978	108
1.584443	109
1.574711	110
1.500530	111
1.587629	112
1.644438	113
1.681826	114
0.927999	115
1.589347	116
1.693183	117
1.665220	118
1.552456	119
0.923185	120
1.683157	121
1.650656	122
1.449068	123
1.662125	124
1.651019	125
1.577594	126
1.603449	127
1.578631	128
1.547435	129
0.940209	130
1.531323	131
1.495061	132
1.609763	133
1.519050	134
1.288526	135
1.482620	136
1.630920	137
1.003353	138
1.619623	139
0.893853	140
0.872348	141
1.629490	142
1.637116	143
1.412512	144
1.414072	145
1.611039	146
1.602236	147
1.567667	148
0.889012	149
0.888547	150
1.567943	151
1.346348	152
1.518453	153
1.597872	154
1.606611	155
1.048934	156
0.980698	157
1.596910	158
1.511223	159
1.621598	160
0.886401	161
1.078836	162
1.568390	163
1.356558	164
1.382971	165
1.664937	166
1.673884	167
0.906232	168
0.885232	169
1.409779	170
0.935922	171
1.458197	172
1.375504	173
1.294952	174
1.051902	175
1.432582	176
1.291416	177
1.533606	178
0.903065	179
1.369394	180
1.152925	181
1.112568	182
1.078775	183
1.570091	184
1.079570	185
1.664139	186
1.456670	187
1.579132	188
1.658041	189
1.695327	190
1.682131	191
1.696433	192
1.621286	193
1.577420	194
1.147472	195
1.702711	196
1.393228	197
1.024567	198
1.091585	199
