Aqui serao dispostos os tempos medios de execucao de getNumCIs para tamanho 30
num de processadores envolvidos: 120

avgTime	procNumber	
1.478863	0
0.927404	1
1.455426	2
1.503086	3
0.897881	4
0.903423	5
1.659532	6
1.655551	7
0.907387	8
1.609138	9
1.607105	10
0.876690	11
0.927902	12
0.893864	13
0.922708	14
0.904951	15
1.683657	16
1.716642	17
0.893293	18
0.890827	19
1.606579	20
1.602468	21
0.885234	22
0.914009	23
0.920666	24
0.891473	25
0.917993	26
0.902268	27
1.677557	28
0.885285	29
1.695513	30
0.876596	31
0.887918	32
0.896409	33
0.888206	34
0.908411	35
1.586026	36
1.646072	37
1.657343	38
1.611281	39
1.679570	40
0.891301	41
1.668819	42
0.923498	43
0.898945	44
0.899902	45
1.652186	46
1.668667	47
0.891483	48
0.909370	49
0.888482	50
0.899646	51
1.601951	52
1.599921	53
0.902144	54
0.902573	55
0.890268	56
0.908818	57
0.899302	58
0.894257	59
0.901956	60
1.686749	61
1.672280	62
0.916098	63
0.897659	64
0.918132	65
1.575578	66
1.584489	67
1.607619	68
1.614005	69
1.615063	70
1.614544	71
1.698985	72
1.678266	73
0.887388	74
0.896625	75
1.590624	76
0.900662	77
0.902834	78
1.591138	79
1.581960	80
1.603245	81
0.888850	82
0.873949	83
1.700993	84
0.899615	85
0.887435	86
1.698389	87
1.604543	88
1.604729	89
1.688928	90
1.684774	91
0.881951	92
1.576459	93
0.909170	94
1.600050	95
0.887814	96
0.897672	97
1.664258	98
1.656901	99
1.596991	100
1.660207	101
1.648109	102
1.597524	103
0.886584	104
1.665233	105
1.691232	106
0.922713	107
1.672619	108
0.938234	109
0.891781	110
1.665812	111
0.885526	112
0.891521	113
0.882741	114
0.901543	115
0.899581	116
0.879652	117
0.896842	118
0.916056	119
