1565524328.884325

1565524329.837427

1565524330.791662

1565524331.739498

1565524332.694883

1565524333.655759

1565524328.894145

1565524329.853401

1565524330.856169

1565524331.803695

1565524332.756093

1565524333.714003

1565524328.884360

1565524329.828299

1565524330.867035

1565524331.842228

1565524332.791170

1565524333.749451

1565524328.884351

1565524329.846937

1565524330.807744

1565524331.761819

1565524332.729325

1565524333.690718

1565524353.870189

1565524354.826076

1565524355.815797

1565524356.891432

1565524357.857091

1565524358.829748

1565524353.817659

1565524354.778919

1565524355.755543

1565524356.711371

1565524357.673142

1565524358.627716

1565524353.817499

1565524354.767564

1565524355.711814

1565524356.696499

1565524357.648595

1565524358.598165

1565524353.828715

1565524354.829958

1565524355.890871

1565524356.908769

1565524357.884003

1565524358.846496

1565524436.677989

1565524437.654429

1565524438.624378

1565524439.586193

1565524440.545991

1565524441.512597

1565524436.647550

1565524437.594794

1565524438.538475

1565524439.516396

1565524440.486292

1565524441.446917

1565524436.645243

1565524437.591318

1565524438.540818

1565524439.498473

1565524440.453127

1565524441.419288

1565524436.654629

1565524437.614418

1565524438.576595

1565524439.541869

1565524440.500685

1565524441.445272

1565524514.359440

1565524515.312036

1565524516.285703

1565524517.246243

1565524518.226943

1565524519.183148

1565524514.358523

1565524515.308074

1565524516.259522

1565524517.211948

1565524518.170568

1565524519.132819

1565524514.383345

1565524515.351399

1565524516.315493

1565524517.280163

1565524518.242453

1565524519.197858

1565524514.361758

1565524515.309920

1565524516.273253

1565524517.218929

1565524518.167197

1565524519.122865

1565524923.267809

1565524924.212186

1565524925.162508

1565524926.123475

1565524927.088216

1565524928.055039

1565524923.285434

1565524924.265574

1565524925.236759

1565524926.206925

1565524927.158690

1565524928.120734

1565524923.271176

1565524924.217229

1565524925.160556

1565524926.110306

1565524927.059051

1565524928.010000

1565524923.276720

1565524924.252978

1565524925.223955

1565524926.197232

1565524927.169730

1565524928.135509

1565524980.201964

1565524981.168405

1565524982.136048

1565524983.111000

1565524984.079583

1565524985.039667

1565524980.193459

1565524981.150502

1565524982.104889

1565524983.063192

1565524984.015208

1565524984.973851

1565524980.191408

1565524981.142694

1565524982.091176

1565524983.043352

1565524984.002603

1565524984.952624

1565524980.196477

1565524981.159514

1565524982.121650

1565524983.077988

1565524984.039135

1565524985.008306

