1565525488.749484

1565525490.380139

1565525492.010676

1565525493.641746

1565525495.279146

1565525496.913021

1565525488.033754

1565525488.953341

1565525489.873062

1565525490.793251

1565525491.713305

1565525492.632942

1565525488.727057

1565525490.337075

1565525491.946512

1565525493.553771

1565525495.160244

1565525496.763744

1565525488.009306

1565525488.900851

1565525489.796857

1565525490.693382

1565525491.589653

1565525492.481658

1565525488.726991

1565525490.335661

1565525491.940476

1565525493.547012

1565525495.154983

1565525496.760360

1565525488.733891

1565525490.345304

1565525491.950378

1565525493.557248

1565525495.165343

1565525496.770780

1565525488.778474

1565525490.389962

1565525491.975535

1565525493.634065

1565525495.206778

1565525496.778491

1565525488.762014

1565525490.351803

1565525491.942907

1565525493.535554

1565525495.127280

1565525496.652673

1565525488.459519

1565525489.377167

1565525490.965597

1565525492.342568

1565525493.999565

1565525495.595658

1565525487.999890

1565525489.328485

1565525490.212599

1565525491.094984

1565525491.979138

1565525493.583015

1565525487.992959

1565525488.869881

1565525490.308853

1565525491.908132

1565525493.509077

1565525495.110492

1565525488.784208

1565525489.922583

1565525490.802922

1565525491.683397

1565525492.761450

1565525494.422822

1565525488.013768

1565525488.917566

1565525489.822058

1565525490.725292

1565525491.629274

1565525492.532888

1565525488.712634

1565525490.310423

1565525491.906045

1565525493.499418

1565525495.086770

1565525496.654979

1565525488.007507

1565525488.902093

1565525489.795147

1565525490.977643

1565525492.630744

1565525494.280721

1565525488.704676

1565525490.299071

1565525491.889804

1565525493.484023

1565525494.902825

1565525495.787073

1565525488.799175

1565525490.423042

1565525491.312125

1565525492.205230

1565525493.096674

1565525493.988309

1565525488.799200

1565525490.481293

1565525492.129800

1565525493.775142

1565525495.332436

1565525496.850632

1565525488.819727

1565525490.500598

1565525492.179102

1565525493.857898

1565525495.539546

1565525497.218244

1565525488.758227

1565525490.385189

1565525492.009184

1565525493.635357

1565525495.262405

1565525496.888103

1565525488.814208

1565525490.492508

1565525492.171996

1565525493.854360

1565525495.535377

1565525497.214732

1565525488.707854

1565525490.289500

1565525491.869079

1565525493.443273

1565525495.013756

1565525496.581563

1565525488.720796

1565525490.316990

1565525491.911095

1565525493.490946

1565525495.069212

1565525496.644768

1565525488.741572

1565525490.353811

1565525491.964716

1565525493.574045

1565525495.184684

1565525496.793756

1565525488.734149

1565525490.347985

1565525491.960232

1565525493.575666

1565525494.492050

1565525495.406253

1565525488.774202

1565525490.424111

1565525492.075060

1565525493.725822

1565525495.381888

1565525497.034548

1565525488.736618

1565525490.350345

1565525491.962504

1565525493.578133

1565525494.486014

1565525495.390192

1565525488.804368

1565525490.485028

1565525492.171899

1565525493.856832

1565525495.542964

1565525497.217799

1565525488.773838

1565525490.429987

1565525492.086968

1565525493.742316

1565525495.401268

1565525497.056534

1565525488.790703

1565525490.455572

1565525492.121993

1565525493.791053

1565525495.460157

1565525497.120809

1565525488.739221

1565525490.358458

1565525491.974453

1565525493.592267

1565525495.210977

1565525496.817520

1565525488.694271

1565525490.271492

1565525491.845611

1565525493.421725

1565525494.997208

1565525496.571168

1565525488.733981

1565525490.414829

1565525492.093372

1565525493.776844

1565525495.462000

1565525497.058258

1565525488.000742

1565525488.967356

1565525490.616249

1565525492.210594

1565525493.856865

1565525495.506113

1565525488.629907

1565525489.543751

1565525490.458278

1565525491.373635

1565525492.290817

1565525493.205263

1565525488.056692

1565525489.110964

1565525490.050382

1565525490.990727

1565525491.930102

1565525492.896912

1565525488.691038

1565525490.265332

1565525491.836944

1565525493.406416

1565525494.977500

1565525496.544758

1565525488.818647

1565525490.520309

1565525492.221503

1565525493.925015

1565525495.627087

1565525497.314618

1565525488.782379

1565525490.446714

1565525492.109970

1565525493.772407

1565525495.435927

1565525497.099300

1565525488.028301

1565525488.933244

1565525489.835856

1565525490.740479

1565525491.643881

1565525492.543672

1565525488.706412

1565525490.291556

1565525491.879809

1565525493.465075

1565525495.050564

1565525496.632743

1565525487.995951

1565525488.872468

1565525489.749246

1565525490.627154

1565525491.504974

1565525492.380326

1565525488.785892

1565525490.443745

1565525492.099738

1565525493.756155

1565525495.412655

1565525497.068668

1565525488.793190

1565525490.458289

1565525492.123941

1565525493.787158

1565525495.452277

1565525497.114964

1565525488.726388

1565525490.326707

1565525491.927548

1565525493.527281

1565525495.125364

1565525496.058274

1565525488.011171

1565525488.896457

1565525489.782821

1565525490.667994

1565525491.549491

1565525492.430425

1565525488.012470

1565525488.899851

1565525489.784633

1565525490.668865

1565525491.555333

1565525492.443432

1565525488.739002

1565525490.354607

1565525491.971043

1565525493.586741

1565525495.203198

1565525496.785959

1565525488.013593

1565525488.931843

1565525490.539148

1565525492.147835

1565525493.519006

1565525494.738163

1565525488.803826

1565525490.492561

1565525492.180803

1565525493.870736

1565525495.561294

1565525497.243194

1565525488.773249

1565525490.429038

1565525492.086633

1565525493.740759

1565525495.394074

1565525497.049107

1565525488.812983

1565525490.437738

1565525492.059986

1565525493.680911

1565525495.291333

1565525496.887388

1565525488.767491

1565525489.706159

1565525490.585691

1565525491.465768

1565525492.348687

1565525493.242205

1565525488.002561

1565525488.893688

1565525489.787421

1565525490.675718

1565525491.565240

1565525492.456375

1565525488.728510

1565525490.342305

1565525491.956386

1565525493.568507

1565525495.183732

1565525496.796527

1565525488.728510

1565525490.342294

1565525491.956373

1565525493.568507

1565525495.183732

1565525496.796525

1565525488.813639

1565525490.510619

1565525492.202024

1565525493.895633

1565525495.585379

1565525497.269419

1565525488.701909

1565525490.289140

1565525491.877287

1565525493.464615

1565525495.052817

1565525496.640838

1565525488.783033

1565525490.450719

1565525492.117725

1565525493.784297

1565525495.448352

1565525497.110982

1565525488.698643

1565525490.285275

1565525491.872924

1565525493.460455

1565525495.048986

1565525496.636567

1565525488.454445

1565525489.634713

1565525491.223541

1565525492.811519

1565525494.400847

1565525495.991747

1565525488.035787

1565525488.957826

1565525489.881671

1565525490.805757

1565525491.729632

1565525492.652292

1565525488.730190

1565525490.323228

1565525491.907817

1565525493.490683

1565525495.074983

1565525496.647357

1565525487.996443

1565525489.254214

1565525490.135989

1565525491.017924

1565525491.903610

1565525492.789590

1565525488.025377

1565525488.939680

1565525489.854116

1565525490.768690

1565525491.682906

1565525492.595696

1565525488.713092

1565525490.317726

1565525491.921403

1565525493.528122

1565525495.132011

1565525496.736203

1565525488.794485

1565525490.473196

1565525492.152689

1565525493.834241

1565525495.518462

1565525497.190349

1565525488.715693

1565525490.321185

1565525491.924925

1565525493.531889

1565525495.135948

1565525496.739321

1565525488.025608

1565525488.940693

1565525489.855347

1565525490.769295

1565525491.684001

1565525492.597873

1565525488.770941

1565525490.428685

1565525492.087254

1565525493.747048

1565525495.409624

1565525497.070334

1565525488.813560

1565525490.518742

1565525492.219701

1565525493.922573

1565525495.628574

1565525497.313863

1565525488.759130

1565525490.411647

1565525492.061894

1565525493.717192

1565525495.370461

1565525497.025197

1565525488.724062

1565525490.348702

1565525491.970082

1565525493.583980

1565525495.199184

1565525496.808460

1565525488.724072

1565525490.348702

1565525491.970065

1565525493.583937

1565525495.192012

1565525496.799048

1565525487.999317

1565525488.891906

1565525489.783288

1565525490.676561

1565525491.568184

1565525492.459805

1565525487.993565

1565525488.874004

1565525489.755111

1565525490.723126

1565525491.602446

1565525492.483093

1565525488.692719

1565525490.286872

1565525491.967743

1565525493.645607

1565525495.285076

1565525496.846222

1565525488.677426

1565525490.183221

1565525491.060739

1565525491.942515

1565525492.821484

1565525493.700706

1565525488.048546

1565525488.987826

1565525489.927171

1565525491.339690

1565525493.043273

1565525494.746327

1565525488.004311

1565525488.902348

1565525489.794155

1565525490.688667

1565525491.582425

1565525492.479214

1565525488.720973

1565525490.331015

1565525491.952611

1565525493.573651

1565525495.159264

1565525496.071378

1565525488.720973

1565525490.330972

1565525491.923432

1565525493.519158

1565525495.113867

1565525495.996123

1565525488.724295

1565525490.338904

1565525491.950707

1565525493.556330

1565525495.168170

1565525496.778673

1565525488.015920

1565525488.920482

1565525489.827478

1565525490.733788

1565525491.641827

1565525492.546770

1565525488.722030

1565525490.336475

1565525491.948555

1565525493.555063

1565525495.166772

1565525496.777278

1565525488.807254

1565525490.501430

1565525492.192251

1565525493.882906

1565525495.578698

1565525497.257682

1565525488.727394

1565525490.344345

1565525491.958950

1565525493.579110

1565525495.195224

1565525496.805393

1565525488.764110

1565525490.418029

1565525492.070119

1565525493.718656

1565525495.370733

1565525497.022729

1565525488.701073

1565525490.291853

1565525491.878517

1565525493.468113

1565525495.051814

1565525496.637915

1565525487.999611

1565525488.883780

1565525489.767547

1565525490.653324

1565525491.538331

1565525492.422184

1565525488.050169

1565525488.988245

1565525489.924489

1565525490.861246

1565525491.799272

1565525492.737389

1565525488.797477

1565525490.484624

1565525492.171270

1565525493.856623

1565525495.540631

1565525497.224573

1565525488.032534

1565525488.955303

1565525489.877616

1565525490.801336

1565525491.722228

1565525492.644448

1565525488.833421

1565525490.551307

1565525492.267788

1565525493.983850

1565525495.699807

1565525497.405472

1565525488.004038

1565525488.895614

1565525489.788013

1565525490.678867

1565525491.571188

1565525492.464780

1565525488.708979

1565525490.299309

1565525491.891072

1565525493.482246

1565525495.074184

1565525496.662785

1565525488.764583

1565525490.415175

1565525492.066213

1565525493.716350

1565525495.367217

1565525497.012713

1565525488.002919

1565525488.895083

1565525489.780669

1565525490.670549

1565525491.562124

1565525492.454255

1565525488.796285

1565525490.479538

1565525492.163479

1565525493.847210

1565525495.529130

1565525497.203534

1565525488.703533

1565525490.291319

1565525491.881754

1565525493.470405

1565525495.061804

1565525496.648059

1565525488.813237

1565525490.459165

1565525492.107413

1565525493.757337

1565525495.404844

1565525497.050958

1565525487.998918

1565525488.887927

1565525489.775857

1565525490.665899

1565525491.554812

1565525492.443136

1565525488.757631

1565525490.405383

1565525492.051009

1565525493.695720

1565525495.343585

1565525496.991045

1565525488.813259

1565525490.475273

1565525492.136469

1565525493.798463

1565525495.458843

1565525497.115289

1565525488.765481

1565525490.417899

1565525492.070855

1565525493.720561

1565525495.373687

1565525497.024764

1565525487.980342

1565525488.848831

1565525489.717762

1565525490.582384

1565525491.454154

1565525492.323914

1565525488.796528

1565525490.498787

1565525492.203429

1565525493.907377

1565525495.608176

1565525497.298635

1565525488.024979

1565525488.946591

1565525489.860528

1565525490.774512

1565525491.687707

1565525492.600933

1565525488.778283

1565525490.445610

1565525492.111901

1565525493.782122

1565525495.449695

1565525497.116858

1565525488.022548

1565525488.933812

1565525489.842958

1565525490.754935

1565525491.664676

1565525492.575411

1565525488.754763

1565525490.429100

1565525492.114805

1565525493.810586

1565525495.478072

1565525497.103419

1565525488.441459

1565525489.337388

1565525490.218424

1565525491.258596

1565525492.766040

1565525493.667073

1565525487.991244

1565525489.347474

1565525491.016179

1565525492.691649

1565525494.359083

1565525495.559045

1565525488.049680

1565525489.397873

1565525491.122148

1565525492.758656

1565525493.706665

1565525494.624574

1565525488.110231

1565525489.440389

1565525491.049002

1565525491.959031

1565525492.919598

1565525493.865938

1565525488.772589

1565525490.435659

1565525492.098482

1565525493.762356

1565525495.425155

1565525497.091792

1565525488.000885

1565525488.889189

1565525489.776483

1565525490.663476

1565525491.551186

1565525492.439816

1565525488.814116

1565525490.516194

1565525492.218323

1565525493.920986

1565525495.625295

1565525497.315167

1565525488.794615

1565525490.460625

1565525492.131166

1565525493.796791

1565525495.466610

1565525497.141554

1565525488.789324

1565525490.446710

1565525492.115691

1565525493.782234

1565525495.452074

1565525497.125816

